((("color" .
   [0 1 0 0 0])
  (":quotedp" .
   [0 0 1 0 0 0 0 0])
  ("iostream" .
   [1 0 0 0 0 0 0 0])
  ("iss" .
   [0 0 1])
  ("include" .
   [0 0 0 0 0 0 1])
  ("incs" .
   [0 0 0 1])
  ("c" .
   [2])
  ("cc" .
   [1 0])
  ("pr" .
   [0 1])
  ("cls" .
   [1 0 2])
  ("System" .
   [0 0 0 0 0 1])
  ("main" .
   [2 0 1 5])
  ("void" .
   [0 0 0 1])
  ("static" .
   [0 0 0 1 0 0])
  ("printf" .
   [0 0 0 0 3 1])
  ("class" .
   [0 0 0 1 0])
  ("public" .
   [0 0 0 2 0 2])
  ("smooth-scroll" .
   [0 0 0 0 0 0 0 0 0 0 0 0 1])
  ("---------------" .
   [0 0 0 0 0 0 0 0 0 0 0 0 0 0 1])
  ("vim" .
   [1 0 0])
  ("alias" .
   [0 0 0 0 4])
  ("blue" .
   [1 0 0 0])
  ("plot" .
   [0 0 0 1])
  ("plt" .
   [2 0 1])
  ("len" .
   [1 0 0])
  ("l_average" .
   [0 0 0 3 0 0 0 0 0])
  ("linewidth=2" .
   [0 0 0 2 0 0 0 0 0 0 0])
  ("average_clustering" .
   [0 0 2 0 0 0 0 0 0 0 0 0 0 0 0 0 0 0])
  ("nx" .
   [3 0])
  ("newman_watts_strogatz_graph" .
   [0 0 0 1 0 0 0 0 0 0 0 0 0 0 0 0 0 0 0 0 0 0 0 0 0 0 0])
  ("Python" .
   [1 0 0 0 0 1])
  ("test_stat" .
   [0 0 0 1 0 0 0 0 0])
  ("print" .
   [0 0 0 0 2])
  ("zenburn" .
   [0 0 0 0 0 0 1])
  ("solarized" .
   [0 0 0 1 0 0 0 0 0])
  ("solar-atn2" .
   [0 0 0 1 0 0 0 0 0 0])
  ("default" .
   [0 0 0 0 0 0 1])
  ("matplotlib" .
   [1 0 0 1 0 0 0 0 0 0])
  ("lamb" .
   [1 0 0 0])
  ("posix" .
   [0 0 0 2 1])
  ("poisson" .
   [0 0 0 0 2 0 0])
  ("poisson_plsq" .
   [0 1 1 0 0 0 0 0 0 0 0 0])
  ("import" .
   [0 1 0 1 0 2])
  ("ins" .
   [1 0 0])
  ("if" .
   [2 0])
  ("about" .
   [1 0 0 0 0])
  ("some" .
   [1 0 0 0])
  ("smtpd" .
   [0 0 1 1 0])
  ("make" .
   [16 0 1 1])
  ("s" .
   [1])
  ("change" .
   [2 0 0 0 0 0])
  ("belive" .
   [1 0 0 0 0 0])
  ("ivory" .
   [0 0 0 0 1])
  ("Note" .
   [1 0 0 0])
  ("Exercise" .
   [0 0 1 0 0 0 0 0])
  ("--------------------------" .
   [0 0 0 0 0 0 0 0 0 0 0 0 0 0 0 0 0 1 0 0 0 0 0 0 0 0])
  ("numpy" .
   [1 0 1 0 0])
  ("lsh" .
   [0 0 1])
  ("String" .
   [1 0 0 1 0 0])
  ("int" .
   [2 0 0])
  ("bdssfsf" .
   [0 0 1 0 0 0 0])
  ("greeting" .
   [0 0 0 1 0 0 0 0])
  ("javac" .
   [0 0 0 0 1])
  ("Gray" .
   [0 0 1 0])
  ("FFFAFA" .
   [0 0 0 1 0 0])
  ("border-bottom" .
   [0 0 0 0 0 0 0 0 0 0 2 0 0])
  ("div" .
   [2 0 0])
  ("listNewsM" .
   [0 0 0 1 1 0 0 0 0])
  ("clear" .
   [0 0 0 0 1])
  ("margin" .
   [0 0 0 1 0 1])
  ("hover" .
   [0 0 0 0 1])
  ("list_lh" .
   [1 0 0 0 0 0 0])
  ("li" .
   [1 0])
  ("code" .
   [0 0 0 1])))
